12
13
14
15
16
17
18
19
110
111
112
113
114
115
116
21
23
24
25
26
27
28
29
210
211
212
213
214
215
216
31
32
34
35
36
37
38
39
310
311
312
313
314
315
316
41
42
43
45
46
47
48
49
410
411
412
413
414
415
416
51
52
53
54
56
57
58
59
510
511
512
513
514
515
516
61
62
63
64
65
67
68
69
610
611
612
613
614
615
616
71
72
73
74
75
76
78
79
710
711
712
713
714
715
716
81
82
83
84
85
86
87
89
810
811
812
813
814
815
816
91
92
93
94
95
96
97
98
910
911
912
913
914
915
916
101
102
103
104
105
106
107
108
109
1011
1012
1013
1014
1015
1016
111
112
113
114
115
116
117
118
119
1110
1112
1113
1114
1115
1116
121
122
123
124
125
126
127
128
129
1210
1211
1213
1214
1215
1216
131
132
133
134
135
136
137
138
139
1310
1311
1312
1314
1315
1316
141
142
143
144
145
146
147
148
149
1410
1411
1412
1413
1415
1416
151
152
153
154
155
156
157
158
159
1510
1511
1512
1513
1514
1516
161
162
163
164
165
166
167
168
169
1610
1611
1612
1613
1614
1615
